EBH_BOOKS <- c("Genesis", "Exodus", "Leviticus", "Numbers", "Deuteronomy", "Joshua", 
               "Judges", "1_Samuel", "2_Samuel", "1_Kings", "2_Kings")

LBH_BOOKS <- c("Esther", "Daniel", "Ezra", "Nehemiah", "1_Chronicles", "2_Chronicles")

LAW_BOOKS <- c("Genesis", "Exodus", "Leviticus", "Numbers", "Deuteronomy")

QSP_SCROLLS = c('2Q3', '4Q13', '4Q20', '2Q7', '4Q27', '1Q4', '2Q12', '4Q37', '4Q38', '4Q38a', '4Q40', '4Q53',
                '1Qisaa', '4Q57', '2Q13', '4Q78', '4Q80', '4Q82', '4Q128', '4Q129', '4Q134', '4Q135', '4Q136',
                '4Q137', '4Q138', '4Q139', '4Q140', '4Q141', '4Q142', '4Q143', '4Q144', '4Q158', '4Q364',
                '4Q365', '4Q96', '4Q111', '4Q109', '11Q5', '11Q6', '11Q7', '11Q8')